real = [0.0000119209 0.0001769066 0.0012068748 0.0025959015 0.0172801018 0.0396029949 0.0838758945 0.1962869167 0.2916231155 0.4324190617 0.5192661285 1.2047410011 1.9465949535 2.7086930275 3.6381030083 4.3850071430 5.2346160412 6.2488410473 6.8895921707 8.3474898338]
 cpu = [0.0000170000 0.0001820000 0.0012120000 0.0026000000 0.0172830000 0.0396080000 0.0835880000 0.1962840000 0.2916280000 0.4317440000 0.5191840000 1.1998150000 1.9464810000 2.7074610000 3.6380150000 4.3842670000 5.2319670000 6.2417390000 6.8892570000 8.3460700000]
  es = [0.0000000000 0.0000000000 0.0000000000 0.0000000000 0.0000000000 0.0000000000 0.0002940000 0.0000000000 0.0000000000 0.0001940000 0.0000000000 0.0040090000 0.0000750000 0.0000000000 0.0000160000 0.0000180000 0.0000740000 0.0038870000 0.0000000000 0.0000190000]