p1=0.000000776692879  -0.151287321277392
p2=0.000000000000023   0.000000579280345  -0.028985791802092
p3=0.000000000000000   0.000000000000022   0.000000581060457  -0.029480656700741
p4=0.000000000000000  -0.000000000000000   0.000000000000147   0.000000359522321   0.007882241145365
p8=0.000000000000000  -0.000000000000000   0.000000000000000  -0.000000000000000   0.000000000000000  -0.000000000000000   0.000000000000867 0.000000155536501   0.006604542510784