real = [0.0000610352 0.0005948544 0.0037691593 0.0074901581 0.0397951603 0.0852730274 0.2051911354 0.5131120682 0.8727078438 1.2238779068 1.6333291531 3.7497560978 6.0622339249 8.6474778652 11.3020558357 14.1514217854 17.0557940006 20.1676738262 23.1591961384 26.6270380020]
 cpu = [0.0000670000 0.0005990000 0.0037740000 0.0040750000 0.0398000000 0.0852700000 0.1972630000 0.4850040000 0.8645990000 1.2117920000 1.6011830000 3.7054200000 5.9652840000 8.5188140000 11.1161760000 13.9298840000 16.8188050000 19.8765980000 22.8224270000 26.2928500000]
  es = [0.0000000000 0.0000000000 0.0000000000 0.0034200000 0.0000000000 0.0000000000 0.0079110000 0.0280920000 0.0080120000 0.0120050000 0.0320390000 0.0439790000 0.0960330000 0.1279930000  0.1839480000  0.2159780000  0.2359930000  0.2840170000  0.3313250000  0.3319680000]