p1=0.000002606691033  -0.519454577015740
p2=0.000000000000052   0.000002155061690  -0.239659984931431
p3=-0.000000000000000   0.000000000000239   0.000001526507337  -0.064924077286982
p4=0.000000000000000  -0.000000000000000   0.000000000000473   0.000001109896755   0.005338220965507
p8=-0.000000000000000   0.000000000000000  -0.000000000000000   0.000000000000000  -0.000000000000000   0.000000000000000  -0.000000000003681 0.000002762670063  -0.065543245670797